n_st = 4
Qs   = 0.d0
Qs(8) = 1171.05
Qs(14) = 1641.600000
Qs(20) = 341.30
Qs(25) = 1215.5
Qs(42) = 644.480000
Qs(66) = 546.54
Qs(76) = 215.46
Qs(78) = 373.47

print *, "result is", 43392 
